1
3
3
4
5
6
7
8
8
10
11
11
12
13
13
14
14
16
17
18
19
22
22
22
23
25
25
26
27
27
27
27
28
30
30
30
31
32
32
32
33
34
34
34
35
35
37
39
40
40
41
41
42
42
45
45
45
45
47
48
48
49
51
51
53
54
54
55
55
56
57
57
60
60
61
61
62
63
63
65
66
66
66
67
67
69
70
71
72
72
72
72
75
77
77
78
78
78
83
83
83
83
86
88
88
89
90
91
93
94
96
96
96
98
100
103
104
104
105
107
108
108
108
109
111
111
112
112
113
114
114
116
116
117
121
122
123
125
126
127
127
128
130
131
131
133
134
135
140
140
141
141
142
142
143
143
145
147
147
148
149
149
149
150
150
150
152
153
153
155
155
156
156
158
159
159
161
161
162
163
164
164
165
165
166
167
170
170
170
172
173
173
174
174
176
177
177
178
178
179
182
182
185
188
188
192
192
193
194
194
195
195
196
197
199
200
202
203
203
206
207
211
211
212
214
214
215
217
217
218
218
218
218
219
219
220
225
225
226
227
228
228
229
230
233
233
235
235
236
236
237
237
239
241
244
244
244
244
244
245
245
248
248
248
250
250
251
251
252
253
254
254
255
256
256
257
257
258
259
259
260
260
262
264
264
264
266
268
271
271
272
273
273
274
275
275
276
277
277
277
278
280
280
281
282
282
282
283
284
285
285
287
287
287
288
290
291
291
291
291
291
292
292
293
293
293
295
296
296
296
296
297
297
298
298
299
299
299
301
301
302
302
303
303
303
304
307
310
311
312
315
316
316
318
319
320
321
322
323
327
327
328
330
330
331
332
332
335
336
336
337
338
339
339
340
341
341
344
345
347
349
350
351
351
353
353
354
355
355
355
357
357
358
359
359
361
363
363
363
363
364
364
367
367
368
369
370
371
371
371
372
372
372
373
374
375
377
378
378
379
379
379
380
380
382
383
384
385
385
389
390
390
391
393
393
396
397
398
401
402
403
403
406
408
409
411
411
412
412
413
414
420
421
421
422
423
424
425
425
426
429
429
429
430
430
432
432
432
433
433
433
433
434
435
438
439
439
440
441
441
442
443
443
444
445
447
448
448
449
450
451
452
453
453
454
456
456
458
459
460
461
462
462
464
468
468
469
471
471
472
473
473
473
474
474
476
476
478
478
479
481
483
483
484
484
486
486
488
488
488
489
489
490
493
493
493
493
494
495
496
501
501
504
505
507
510
510
515
516
518
518
518
521
521
522
522
522
523
526
527
527
527
529
532
534
540
541
541
541
542
542
542
542
542
543
544
545
547
547
547
549
550
551
553
553
554
556
556
557
557
559
561
562
562
564
565
565
565
565
566
566
568
569
569
571
571
571
573
574
574
575
575
579
580
580
581
581
582
582
585
587
587
587
588
589
589
590
590
592
593
593
595
595
596
596
598
598
600
605
606
609
609
609
610
610
610
611
612
614
615
615
615
616
617
617
621
621
624
625
632
633
634
635
636
636
636
640
641
642
644
648
648
650
651
654
655
656
658
660
661
663
663
663
665
665
667
667
668
668
669
670
671
673
676
676
677
678
678
678
680
683
684
684
685
686
688
688
688
691
692
693
694
694
695
696
701
702
702
704
704
704
706
707
707
708
709
710
711
711
712
712
712
715
717
718
718
719
721
721
722
723
723
724
724
725
727
729
730
731
731
731
732
733
733
735
735
735
736
736
736
736
737
739
740
745
745
747
748
748
748
750
751
753
754
754
757
757
758
758
758
758
758
758
759
759
760
760
762
762
762
764
765
768
769
773
774
775
775
776
777
778
778
778
778
779
779
780
780
780
781
781
783
786
787
788
788
788
788
789
791
791
792
793
795
795
796
797
798
798
799
802
803
804
804
805
806
806
808
812
814
814
814
815
815
817
817
819
819
821
825
825
827
829
831
833
834
835
836
837
837
838
838
838
838
838
840
842
842
845
849
851
853
853
854
854
855
855
855
856
857
858
858
859
860
860
861
861
861
862
862
863
863
864
865
866
867
868
870
870
870
874
875
876
876
876
877
878
878
880
880
881
881
884
885
886
886
887
888
888
889
892
893
894
894
896
896
896
897
897
900
900
900
902
903
904
904
905
905
907
907
910
910
910
914
914
914
915
915
916
916
916
918
918
919
921
924
926
928
929
930
931
931
931
932
932
935
936
936
936
937
939
940
940
940
941
941
941
942
942
942
942
943
943
944
945
946
946
948
948
949
950
951
951
953
955
955
957
957
958
959
961
961
962
962
963
964
965
966
966
967
968
969
970
970
970
970
972
974
975
975
976
977
977
978
979
979
981
981
990
990
991
991
991
994
996
997
1002
1003
1005
1005
1005
1007
1009
1011
1012
1012
1012
1013
1014
1017
1018
1018
1019
1020
1020
1022
1022
1025
1026
1028
1028
1028
1033
1035
1035
1036
1037
1038
1038
1038
1039
1040
1041
1041
1041
1041
1043
1043
1044
1045
1046
1048
1050
1050
1051
1052
1053
1053
1056
1058
1060
1060
1062
1062
1063
1063
1064
1064
1065
1067
1067
1067
1067
1068
1069
1070
1070
1071
1074
1074
1075
1075
1077
1077
1077
1079
1079
1083
1083
1083
1084
1085
1089
1089
1090
1091
1094
1095
1099
1099
1100
1101
1102
1104
1104
1105
1105
1106
1109
1110
1111
1113
1115
1116
1116
1117
1118
1119
1120
1120
1121
1122
1122
1123
1124
1124
1125
1126
1126
1127
1128
1128
1129
1130
1131
1131
1133
1134
1134
1134
1136
1138
1138
1139
1141
1142
1143
1143
1144
1144
1144
1147
1150
1150
1150
1151
1151
1152
1152
1152
1154
1155
1155
1156
1158
1159
1160
1160
1161
1161
1162
1163
1165
1165
1165
1166
1167
1169
1170
1171
1172
1173
1174
1176
1177
1177
1177
1180
1182
1182
1183
1184
1184
1184
1185
1185
1185
1186
1189
1189
1189
1189
1190
1191
1192
1193
1194
1194
1196
1196
1197
1198
1199
1199
1199
1200
1200
1200
1200
1200
1201
1202
1202
1202
1202
1204
1204
1205
1207
1209
1209
1210
1211
1211
1212
1212
1213
1215
1216
1219
1220
1222
1224
1225
1225
1226
1227
1227
1227
1228
1231
1231
1232
1235
1235
1236
1236
1240
1241
1245
1246
1246
1248
1250
1250
1251
1251
1253
1254
1254
1255
1255
1256
1259
1259
1261
1261
1262
1262
1263
1264
1265
1266
1266
1268
1270
1271
1271
1271
1272
1272
1272
1272
1274
1276
1276
1278
1278
1278
1279
1281
1282
1284
1285
1286
1287
1287
1290
1292
1292
1292
1295
1295
1296
1296
1296
1296
1297
1301
1301
1302
1303
1303
1304
1307
1308
1310
1312
1313
1314
1314
1316
1317
1317
1317
1318
1319
1321
1321
1321
1323
1324
1324
1324
1325
1325
1329
1329
1330
1330
1331
1333
1334
1335
1336
1336
1336
1337
1337
1338
1338
1339
1340
1340
1344
1345
1345
1347
1347
1348
1349
1349
1350
1350
1351
1359
1361
1362
1363
1365
1366
1368
1370
1371
1371
1372
1373
1373
1374
1374
1376
1378
1380
1380
1381
1381
1382
1383
1386
1387
1387
1388
1389
1389
1390
1392
1394
1394
1396
1397
1398
1399
1402
1403
1404
1407
1407
1408
1408
1409
1409
1410
1410
1411
1411
1413
1414
1414
1418
1418
1420
1421
1423
1425
1425
1426
1427
1427
1427
1427
1429
1431
1431
1432
1434
1435
1436
1436
1436
1439
1439
1440
1441
1442
1443
1443
1444
1445
1446
1446
1448
1449
1449
1450
1450
1450
1450
1451
1452
1454
1454
1455
1455
1455
1457
1457
1458
1459
1461
1461
1462
1462
1464
1464
1467
1469
1469
1471
1473
1473
1473
1474
1474
1474
1475
1475
1478
1478
1479
1480
1482
1483
1483
1483
1484
1485
1488
1488
1490
1491
1491
1491
1492
1494
1495
1495
1496
1497
1498
1498
1499
1502
1502
1503
1504
1505
1507
1508
1509
1513
1514
1514
1515
1518
1518
1519
1519
1520
1521
1522
1522
1523
1524
1524
1525
1525
1525
1527
1528
1528
1529
1529
1531
1533
1534
1534
1534
1535
1536
1537
1537
1538
1538
1538
1538
1540
1542
1543
1543
1543
1544
1545
1546
1549
1552
1553
1554
1554
1554
1554
1554
1556
1556
1560
1562
1563
1563
1564
1565
1567
1568
1570
1572
1572
1574
1575
1576
1576
1577
1577
1577
1580
1581
1584
1585
1587
1588
1589
1589
1591
1594
1595
1596
1596
1597
1601
1602
1602
1602
1603
1603
1604
1604
1605
1606
1608
1608
1608
1609
1610
1611
1611
1612
1613
1613
1615
1616
1616
1618
1619
1620
1622
1623
1625
1627
1628
1629
1631
1634
1637
1637
1637
1639
1639
1641
1641
1642
1642
1643
1643
1643
1648
1650
1652
1652
1653
1654
1657
1657
1657
1658
1659
1662
1663
1664
1665
1667
1667
1668
1669
1671
1672
1672
1672
1676
1677
1678
1678
1679
1679
1680
1681
1681
1681
1681
1682
1683
1683
1683
1683
1684
1684
1685
1686
1687
1687
1688
1689
1690
1691
1693
1694
1695
1695
1696
1697
1697
1697
1699
1702
1702
1703
1704
1704
1705
1705
1706
1707
1709
1710
1711
1712
1713
1713
1713
1714
1716
1716
1716
1716
1716
1717
1717
1717
1717
1718
1720
1720
1724
1725
1725
1728
1728
1729
1730
1730
1730
1732
1739
1740
1741
1742
1742
1743
1744
1744
1747
1748
1749
1752
1753
1754
1757
1759
1759
1759
1760
1760
1760
1763
1763
1764
1765
1766
1767
1768
1770
1771
1774
1776
1777
1779
1780
1780
1780
1781
1784
1786
1789
1790
1792
1793
1794
1795
1795
1796
1797
1798
1798
1801
1804
1804
1805
1805
1806
1806
1807
1807
1808
1809
1810
1811
1814
1816
1816
1816
1817
1818
1820
1821
1823
1824
1824
1827
1829
1830
1832
1832
1832
1833
1833
1834
1836
1836
1838
1838
1839
1839
1839
1840
1841
1842
1842
1842
1843
1843
1843
1844
1844
1845
1846
1848
1849
1849
1849
1850
1850
1850
1852
1852
1856
1856
1857
1858
1859
1860
1860
1864
1864
1864
1865
1868
1868
1868
1868
1869
1870
1870
1870
1871
1871
1873
1877
1877
1878
1878
1880
1881
1883
1883
1884
1885
1885
1886
1887
1888
1888
1888
1889
1889
1890
1890
1890
1890
1890
1893
1893
1893
1893
1894
1894
1894
1895
1898
1898
1899
1903
1903
1904
1905
1906
1907
1907
1908
1909
1909
1909
1914
1914
1914
1915
1916
1919
1920
1920
1921
1921
1924
1925
1925
1927
1929
1930
1930
1931
1935
1936
1937
1937
1937
1938
1939
1942
1946
1947
1947
1949
1949
1950
1951
1951
1953
1955
1962
1963
1964
1966
1966
1968
1970
1974
1975
1975
1976
1976
1977
1978
1979
1980
1981
1981
1981
1981
1985
1985
1986
1987
1987
1988
1990
1990
1993
1995
1996
1997
1999
2002
2003
2004
2004
2004
2005
2005
2006
2007
2008
2008
2009
2009
2009
2009
2010
2010
2010
2011
2012
2013
2016
2016
2018
2021
2023
2023
2023
2025
2031
2031
2033
2034
2037
2038
2038
2039
2039
2040
2041
2042
2044
2045
2045
2045
2046
2047
2047
2049
2051
2052
2052
2052
2053
2053
2053
2057
2058
2058
2058
2059
2061
2061
2062
2062
2062
2063
2063
2064
2065
2067
2069
2071
2071
2072
2072
2075
2075
2076
2076
2077
2077
2078
2079
2082
2084
2084
2086
2086
2089
2090
2091
2091
2092
2093
2093
2093
2093
2094
2094
2095
2095
2097
2097
2099
2100
2101
2102
2102
2103
2103
2105
2105
2107
2107
2107
2109
2109
2110
2110
2112
2112
2114
2115
2115
2115
2116
2116
2117
2117
2118
2118
2121
2122
2122
2122
2123
2124
2125
2126
2128
2129
2130
2132
2134
2134
2137
2139
2139
2141
2142
2142
2142
2143
2145
2148
2148
2150
2151
2151
2154
2156
2156
2156
2163
2163
2164
2165
2165
2165
2166
2167
2168
2171
2171
2172
2174
2175
2176
2177
2179
2181
2181
2181
2183
2183
2185
2188
2189
2190
2190
2193
2194
2195
2196
2197
2200
2201
2201
2202
2204
2205
2205
2205
2206
2207
2207
2208
2209
2210
2210
2210
2211
2212
2212
2216
2217
2220
2220
2221
2221
2223
2224
2224
2227
2227
2230
2230
2231
2231
2231
2232
2233
2233
2233
2233
2234
2235
2236
2238
2239
2242
2243
2244
2245
2245
2245
2245
2246
2248
2248
2249
2249
2250
2252
2254
2254
2255
2256
2256
2258
2259
2259
2259
2259
2260
2261
2262
2264
2264
2265
2265
2265
2269
2270
2272
2272
2274
2275
2277
2280
2280
2281
2283
2284
2284
2285
2287
2288
2291
2292
2293
2294
2296
2298
2298
2300
2302
2302
2303
2306
2309
2310
2311
2311
2311
2312
2314
2316
2317
2318
2319
2319
2320
2321
2321
2325
2327
2328
2328
2330
2331
2331
2331
2332
2334
2335
2335
2336
2338
2338
2339
2340
2341
2341
2341
2342
2343
2344
2346
2346
2347
2347
2348
2348
2350
2353
2355
2357
2359
2363
2364
2364
2364
2365
2365
2367
2368
2368
2372
2372
2373
2374
2376
2377
2380
2380
2383
2383
2387
2389
2389
2389
2390
2390
2390
2390
2391
2391
2391
2391
2392
2394
2394
2397
2398
2398
2407
2409
2411
2411
2412
2413
2414
2416
2417
2417
2417
2418
2418
2419
2419
2420
2421
2423
2427
2427
2429
2433
2433
2433
2433
2434
2435
2437
2439
2439
2440
2444
2445
2446
2446
2448
2449
2449
2451
2451
2451
2452
2454
2454
2458
2458
2459
2459
2463
2464
2466
2467
2469
2470
2472
2475
2475
2478
2479
2479
2479
2481
2482
2484
2485
2486
2487
2488
2489
2490
2491
2491
2492
2492
2492
2492
2493
2493
2494
2496
2496
2498
2499
2500
2502
2502
2502
2504
2505
2506
2507
2508
2508
2508
2511
2513
2513
2513
2514
2515
2517
2517
2519
2519
2519
2521
2521
2522
2523
2526
2526
2526
2527
2528
2528
2528
2528
2529
2529
2530
2530
2533
2534
2535
2535
2535
2535
2536
2538
2539
2544
2544
2546
2548
2548
2548
2550
2550
2551
2551
2551
2554
2556
2556
2556
2558
2560
2560
2560
2561
2562
2562
2564
2565
2566
2567
2567
2569
2570
2570
2570
2571
2572
2575
2575
2575
2577
2577
2577
2579
2579
2580
2580
2583
2583
2584
2584
2584
2585
2585
2585
2585
2586
2587
2587
2589
2589
2590
2590
2590
2592
2593
2594
2595
2596
2596
2597
2597
2599
2600
2601
2601
2602
2603
2603
2604
2605
2606
2606
2607
2607
2608
2608
2608
2608
2609
2609
2610
2611
2613
2613
2613
2615
2615
2617
2620
2622
2622
2622
2623
2624
2625
2627
2628
2628
2629
2630
2631
2633
2633
2634
2635
2636
2636
2637
2638
2638
2639
2639
2640
2640
2642
2643
2645
2646
2647
2647
2650
2651
2652
2653
2653
2654
2656
2657
2659
2661
2669
2670
2670
2670
2670
2671
2673
2673
2673
2675
2676
2676
2676
2677
2677
2678
2678
2678
2680
2681
2683
2683
2684
2685
2686
2686
2686
2686
2686
2687
2687
2688
2689
2689
2690
2691
2693
2696
2697
2698
2699
2701
2702
2703
2705
2705
2710
2710
2711
2711
2712
2713
2713
2713
2714
2714
2715
2716
2716
2718
2719
2723
2723
2723
2726
2726
2728
2728
2729
2733
2734
2734
2735
2737
2742
2742
2743
2743
2743
2744
2744
2746
2747
2748
2750
2750
2751
2752
2753
2755
2756
2756
2759
2759
2760
2762
2765
2765
2767
2768
2769
2769
2773
2773
2774
2776
2776
2778
2781
2782
2783
2783
2784
2785
2786
2786
2787
2787
2788
2789
2790
2790
2790
2790
2791
2791
2794
2796
2798
2803
2805
2805
2806
2807
2807
2809
2809
2810
2811
2812
2815
2815
2816
2816
2817
2817
2818
2819
2820
2821
2825
2826
2827
2829
2831
2832
2835
2837
2838
2842
2843
2843
2844
2844
2846
2847
2849
2851
2852
2854
2856
2856
2857
2858
2859
2861
2861
2864
2864
2864
2864
2865
2865
2866
2866
2868
2869
2871
2872
2872
2873
2874
2878
2878
2878
2879
2879
2880
2880
2882
2883
2884
2884
2886
2890
2891
2891
2891
2892
2895
2895
2896
2896
2897
2898
2902
2904
2904
2904
2904
2905
2906
2906
2907
2907
2908
2908
2909
2910
2911
2911
2914
2915
2915
2915
2917
2919
2920
2920
2921
2921
2925
2925
2926
2926
2927
2928
2928
2928
2928
2928
2929
2929
2929
2931
2931
2932
2932
2933
2934
2934
2934
2935
2935
2937
2940
2940
2940
2942
2942
2942
2943
2944
2946
2947
2949
2950
2952
2952
2952
2953
2954
2954
2956
2957
2958
2958
2959
2959
2960
2961
2963
2963
2964
2966
2966
2968
2969
2971
2972
2973
2973
2975
2975
2975
2975
2976
2976
2976
2977
2978
2978
2978
2979
2982
2982
2982
2984
2985
2985
2986
2987
2988
2990
2991
2993
2995
2996
2996
2997
2999
2999
3000
3001
3002
3003
3004
3004
3005
3005
3006
3007
3008
3010
3010
3011
3011
3011
3011
3013
3013
3013
3014
3015
3016
3017
3021
3023
3024
3024
3024
3026
3026
3026
3028
3029
3030
3031
3031
3032
3035
3036
3038
3040
3042
3042
3042
3043
3045
3048
3049
3049
3049
3050
3052
3053
3054
3055
3059
3061
3061
3062
3062
3062
3062
3063
3063
3064
3065
3066
3067
3067
3068
3069
3069
3070
3071
3071
3073
3073
3074
3074
3074
3075
3082
3083
3083
3084
3084
3085
3085
3085
3087
3090
3091
3091
3094
3094
3095
3096
3096
3097
3098
3098
3099
3099
3099
3102
3102
3103
3104
3104
3105
3106
3108
3109
3109
3109
3110
3112
3114
3115
3116
3117
3120
3121
3122
3126
3126
3127
3127
3128
3131
3131
3132
3136
3136
3138
3140
3142
3145
3146
3147
3149
3149
3151
3152
3152
3152
3153
3153
3154
3154
3154
3156
3156
3157
3159
3159
3161
3162
3166
3167
3168
3169
3171
3171
3172
3172
3173
3174
3174
3175
3175
3176
3176
3177
3177
3178
3181
3182
3183
3183
3183
3184
3184
3185
3186
3188
3189
3190
3192
3194
3195
3195
3196
3198
3199
3200
3201
3201
3203
3203
3203
3204
3205
3207
3208
3208
3211
3211
3212
3212
3213
3215
3215
3219
3220
3221
3222
3224
3224
3225
3225
3225
3226
3227
3228
3230
3232
3233
3233
3234
3234
3234
3235
3238
3239
3239
3239
3241
3242
3242
3242
3242
3243
3244
3245
3245
3246
3247
3247
3249
3250
3250
3250
3251
3252
3252
3253
3256
3256
3260
3261
3263
3265
3265
3267
3268
3268
3270
3270
3271
3271
3271
3271
3272
3272
3272
3273
3274
3275
3280
3280
3281
3281
3282
3282
3283
3284
3285
3285
3287
3287
3288
3289
3291
3299
3299
3301
3302
3302
3304
3304
3304
3305
3305
3306
3307
3307
3308
3308
3309
3311
3312
3314
3315
3316
3316
3316
3316
3317
3318
3318
3319
3319
3320
3320
3320
3321
3322
3322
3323
3324
3324
3326
3330
3332
3333
3333
3334
3335
3335
3337
3339
3340
3341
3341
3341
3342
3342
3342
3343
3344
3346
3350
3350
3351
3351
3352
3352
3354
3354
3354
3358
3358
3359
3360
3366
3366
3367
3367
3370
3370
3372
3374
3374
3374
3375
3376
3377
3379
3381
3381
3383
3383
3384
3386
3386
3386
3388
3390
3390
3391
3391
3393
3393
3395
3395
3396
3396
3397
3400
3400
3401
3402
3402
3404
3407
3407
3408
3410
3411
3412
3412
3412
3413
3414
3414
3414
3415
3416
3416
3418
3418
3421
3421
3422
3422
3423
3423
3424
3425
3425
3427
3428
3429
3430
3431
3433
3434
3434
3435
3440
3441
3442
3444
3444
3446
3447
3447
3448
3448
3448
3448
3453
3453
3453
3454
3455
3455
3457
3457
3458
3458
3458
3459
3460
3464
3465
3465
3466
3468
3469
3471
3473
3473
3474
3475
3475
3476
3476
3476
3477
3477
3479
3480
3480
3481
3484
3487
3488
3488
3489
3489
3490
3490
3490
3490
3490
3493
3494
3496
3497
3498
3499
3499
3500
3501
3503
3504
3505
3505
3505
3506
3507
3507
3508
3508
3510
3511
3512
3513
3513
3514
3515
3515
3516
3517
3519
3520
3522
3523
3524
3524
3526
3527
3529
3532
3533
3534
3536
3536
3536
3536
3537
3538
3538
3539
3539
3540
3543
3543
3545
3545
3550
3550
3551
3553
3553
3554
3555
3557
3557
3557
3559
3559
3560
3560
3560
3561
3562
3563
3564
3565
3567
3567
3567
3569
3569
3570
3572
3577
3578
3578
3578
3579
3580
3581
3581
3582
3583
3585
3585
3585
3587
3587
3589
3589
3591
3591
3592
3592
3592
3592
3593
3593
3593
3594
3594
3596
3597
3597
3598
3602
3604
3606
3607
3608
3611
3613
3615
3617
3618
3620
3621
3622
3622
3623
3625
3625
3626
3627
3627
3627
3628
3628
3628
3628
3628
3631
3631
3633
3633
3633
3635
3637
3637
3638
3638
3638
3640
3641
3641
3641
3643
3643
3644
3644
3645
3645
3646
3647
3648
3649
3651
3651
3651
3652
3654
3654
3658
3658
3659
3660
3663
3663
3665
3667
3670
3670
3670
3672
3673
3675
3675
3675
3676
3677
3677
3678
3682
3683
3683
3684
3684
3685
3686
3687
3687
3687
3688
3690
3690
3690
3691
3694
3695
3696
3696
3697
3697
3698
3704
3706
3706
3707
3708
3708
3711
3712
3713
3716
3716
3716
3716
3716
3716
3717
3718
3719
3719
3719
3720
3720
3721
3722
3722
3722
3723
3723
3724
3725
3726
3728
3728
3728
3731
3731
3731
3731
3733
3733
3734
3735
3735
3735
3736
3737
3737
3738
3739
3740
3741
3742
3743
3745
3746
3747
3747
3748
3748
3750
3751
3752
3754
3756
3756
3758
3760
3760
3761
3761
3761
3761
3763
3765
3766
3766
3769
3770
3771
3772
3772
3774
3774
3774
3775
3775
3775
3775
3777
3778
3779
3780
3780
3782
3783
3784
3786
3787
3787
3787
3790
3790
3791
3791
3792
3792
3793
3794
3794
3797
3798
3798
3799
3799
3800
3801
3805
3805
3805
3806
3806
3808
3810
3810
3814
3815
3816
3816
3818
3819
3820
3823
3824
3824
3824
3825
3827
3828
3830
3831
3834
3834
3835
3836
3836
3837
3837
3838
3840
3841
3841
3841
3842
3842
3843
3844
3845
3846
3846
3847
3848
3850
3850
3853
3853
3853
3854
3855
3855
3856
3856
3857
3857
3857
3858
3859
3860
3861
3861
3864
3865
3866
3866
3867
3867
3867
3869
3872
3873
3873
3874
3874
3875
3876
3876
3877
3878
3879
3879
3879
3879
3880
3886
3886
3887
3889
3889
3889
3890
3890
3891
3891
3891
3893
3897
3897
3900
3901
3902
3902
3902
3902
3903
3905
3906
3906
3907
3907
3908
3909
3911
3912
3914
3914
3917
3918
3918
3918
3918
3918
3918
3920
3920
3922
3923
3923
3924
3924
3924
3925
3927
3929
3931
3934
3935
3935
3941
3942
3942
3942
3943
3943
3943
3944
3944
3946
3947
3950
3951
3951
3952
3953
3954
3955
3955
3956
3958
3959
3959
3959
3960
3963
3965
3965
3965
3966
3967
3968
3968
3970
3972
3975
3975
3980
3981
3984
3985
3986
3989
3989
3989
3989
3989
3993
3994
3994
3995
3995
3998
4000
4002
4003
4003
4004
4005
4005
4007
4007
4007
4008
4010
4011
4011
4014
4014
4015
4019
4019
4020
4022
4022
4023
4025
4026
4027
4028
4029
4030
4031
4031
4032
4034
4036
4038
4039
4040
4041
4041
4042
4043
4043
4043
4044
4045
4050
4052
4053
4053
4053
4053
4057
4057
4060
4060
4064
4064
4065
4065
4066
4066
4066
4069
4069
4069
4069
4070
4072
4073
4073
4074
4074
4074
4074
4075
4076
4081
4081
4081
4083
4084
4084
4086
4086
4088
4088
4088
4089
4089
4089
4091
4091
4091
4091
4092
4094
4095
4098
4098
4098
4099
4099
4100
4102
4105
4106
4108
4110
4113
4113
4115
4117
4118
4120
4121
4122
4122
4123
4126
4127
4127
4129
4129
4131
4133
4133
4135
4135
4138
4138
4138
4139
4140
4140
4141
4141
4142
4142
4142
4143
4145
4145
4146
4148
4148
4150
4150
4151
4152
4152
4155
4157
4157
4159
4160
4161
4161
4161
4161
4161
4162
4163
4163
4165
4166
4167
4171
4171
4172
4172
4173
4174
4176
4177
4177
4179
4180
4182
4183
4183
4184
4184
4184
4187
4187
4187
4190
4191
4193
4195
4195
4196
4196
4197
4197
4198
4198
4199
4199
4200
4200
4201
4202
4202
4203
4204
4204
4204
4206
4206
4206
4207
4209
4212
4213
4213
4213
4214
4214
4215
4216
4216
4218
4219
4219
4220
4221
4223
4225
4227
4227
4229
4230
4230
4230
4231
4233
4236
4236
4237
4238
4239
4240
4241
4241
4244
4245
4245
4246
4250
4250
4250
4250
4250
4252
4252
4254
4257
4259
4260
4262
4263
4263
4265
4266
4266
4266
4267
4267
4270
4270
4271
4272
4274
4274
4275
4276
4277
4277
4278
4279
4281
4283
4283
4284
4285
4288
4288
4288
4290
4291
4291
4292
4294
4297
4298
4300
4300
4300
4301
4301
4301
4302
4303
4303
4303
4305
4305
4308
4308
4308
4310
4310
4311
4311
4311
4314
4316
4319
4320
4320
4320
4324
4326
4326
4327
4328
4329
4330
4333
4333
4334
4334
4334
4335
4336
4337
4337
4337
4338
4339
4339
4341
4343
4344
4346
4347
4347
4348
4349
4350
4352
4353
4353
4355
4356
4356
4356
4357
4358
4358
4358
4359
4359
4360
4360
4361
4363
4363
4366
4367
4370
4375
4375
4377
4377
4377
4377
4378
4379
4379
4380
4381
4383
4383
4383
4384
4385
4387
4388
4390
4392
4394
4396
4396
4399
4399
4400
4400
4400
4403
4404
4404
4406
4407
4407
4407
4408
4411
4412
4413
4414
4417
4417
4419
4419
4421
4421
4422
4423
4423
4423
4424
4425
4425
4426
4428
4429
4429
4430
4430
4431
4431
4432
4434
4434
4436
4436
4436
4437
4439
4440
4440
4440
4441
4442
4445
4445
4447
4447
4448
4450
4450
4452
4453
4453
4456
4456
4458
4459
4461
4462
4463
4463
4464
4464
4464
4465
4465
4466
4466
4467
4468
4468
4471
4472
4472
4473
4473
4475
4475
4475
4476
4477
4479
4479
4481
4482
4484
4488
4490
4492
4492
4492
4493
4493
4494
4497
4498
4499
4500
4502
4502
4504
4505
4505
4505
4506
4507
4510
4511
4511
4512
4512
4512
4514
4518
4522
4523
4527
4528
4528
4529
4530
4530
4530
4531
4532
4533
4533
4534
4540
4541
4542
4545
4546
4547
4548
4548
4550
4551
4552
4553
4554
4554
4554
4554
4554
4555
4555
4556
4557
4557
4559
4559
4560
4561
4561
4563
4565
4566
4566
4568
4569
4570
4571
4574
4575
4575
4577
4579
4579
4579
4580
4582
4582
4583
4584
4585
4585
4585
4588
4589
4590
4590
4592
4593
4593
4595
4596
4597
4600
4601
4603
4604
4605
4609
4609
4610
4611
4611
4612
4615
4616
4616
4617
4618
4619
4619
4623
4623
4624
4625
4625
4626
4627
4627
4628
4630
4631
4633
4633
4636
4636
4636
4637
4637
4637
4639
4639
4639
4641
4641
4642
4643
4644
4646
4647
4647
4647
4647
4650
4651
4652
4653
4653
4653
4654
4655
4656
4657
4658
4659
4660
4660
4661
4661
4666
4666
4666
4666
4667
4667
4667
4668
4669
4670
4670
4672
4672
4676
4677
4677
4678
4678
4679
4679
4681
4681
4681
4682
4682
4684
4684
4685
4685
4685
4686
4688
4691
4691
4692
4693
4694
4694
4695
4696
4696
4696
4696
4697
4698
4698
4702
4702
4703
4703
4704
4705
4705
4706
4706
4706
4707
4707
4707
4708
4710
4711
4712
4713
4714
4714
4714
4716
4716
4716
4717
4718
4720
4722
4724
4725
4726
4726
4727
4730
4730
4730
4731
4731
4733
4733
4737
4738
4739
4740
4741
4742
4742
4743
4745
4746
4746
4747
4747
4749
4750
4750
4753
4754
4754
4754
4755
4758
4760
4761
4762
4763
4765
4765
4765
4767
4768
4768
4770
4770
4771
4773
4773
4773
4773
4774
4774
4776
4777
4777
4778
4778
4780
4781
4782
4784
4784
4786
4788
4789
4790
4791
4791
4793
4793
4794
4794
4798
4798
4799
4800
4801
4804
4804
4805
4810
4811
4812
4813
4813
4815
4816
4816
4816
4816
4819
4819
4820
4823
4824
4824
4824
4826
4826
4828
4830
4831
4832
4833
4833
4834
4836
4836
4838
4840
4840
4840
4842
4842
4843
4843
4848
4849
4850
4851
4851
4853
4854
4855
4856
4856
4857
4857
4860
4861
4862
4864
4865
4865
4865
4866
4866
4866
4866
4869
4869
4870
4870
4872
4873
4876
4876
4877
4879
4880
4881
4883
4883
4885
4886
4888
4890
4890
4892
4896
4898
4899
4900
4900
4901
4902
4902
4902
4903
4904
4904
4905
4909
4910
4910
4911
4914
4915
4915
4915
4915
4917
4920
4920
4921
4922
4923
4925
4927
4928
4928
4929
4930
4931
4931
4934
4934
4935
4938
4938
4939
4939
4940
4940
4940
4942
4944
4944
4945
4948
4949
4949
4949
4950
4951
4952
4952
4953
4954
4955
4955
4957
4957
4958
4962
4962
4963
4965
4966
4967
4968
4969
4970
4970
4970
4971
4972
4975
4975
4977
4978
4978
4979
4979
4979
4980
4982
4982
4983
4984
4985
4986
4986
4987
4987
4990
4990
4991
4991
4992
4993
4993
4994
4995
4995
4997
4998
5001
5004
5005
5006
5006
5007
5007
5008
5009
5010
5011
5012
5014
5014
5014
5015
5015
5018
5019
5022
5022
5022
5023
5024
5024
5024
5030
5032
5032
5032
5033
5033
5038
5039
5041
5041
5042
5042
5042
5043
5043
5044
5044
5047
5051
5054
5055
5055
5056
5057
5057
5057
5058
5058
5059
5060
5061
5063
5065
5066
5066
5067
5067
5068
5068
5069
5069
5070
5070
5070
5073
5073
5075
5077
5077
5077
5078
5078
5079
5079
5079
5082
5082
5085
5085
5088
5089
5091
5091
5092
5093
5093
5094
5095
5096
5097
5097
5098
5098
5100
5100
5101
5101
5101
5103
5103
5103
5104
5104
5104
5105
5106
5107
5109
5110
5111
5112
5114
5114
5114
5115
5115
5117
5117
5119
5119
5120
5123
5123
5123
5125
5126
5126
5127
5128
5130
5132
5132
5133
5133
5134
5134
5136
5137
5139
5139
5141
5142
5143
5143
5144
5146
5147
5147
5152
5154
5155
5157
5158
5158
5159
5159
5159
5160
5164
5165
5166
5169
5169
5170
5170
5172
5172
5174
5176
5177
5177
5178
5179
5181
5181
5182
5184
5185
5185
5188
5190
5191
5193
5193
5193
5194
5195
5196
5198
5199
5201
5201
5203
5205
5208
5209
5209
5210
5210
5210
5211
5213
5213
5213
5213
5215
5216
5217
5220
5221
5222
5222
5223
5224
5225
5226
5226
5226
5229
5231
5232
5233
5235
5238
5238
5239
5240
5242
5242
5244
5244
5245
5246
5247
5248
5248
5249
5249
5251
5252
5253
5253
5254
5255
5256
5258
5259
5260
5261
5261
5261
5261
5262
5263
5265
5265
5266
5270
5271
5272
5276
5276
5278
5278
5278
5280
5282
5283
5284
5284
5284
5285
5286
5286
5286
5287
5289
5289
5290
5291
5294
5295
5296
5298
5301
5301
5302
5304
5304
5304
5305
5305
5305
5307
5307
5308
5308
5310
5311
5311
5311
5312
5315
5315
5315
5316
5319
5319
5320
5320
5320
5321
5324
5324
5325
5325
5326
5327
5327
5327
5328
5329
5329
5329
5330
5330
5330
5333
5334
5334
5335
5336
5339
5339
5342
5342
5343
5343
5344
5344
5344
5346
5347
5347
5347
5347
5347
5349
5349
5351
5351
5351
5351
5353
5355
5355
5358
5360
5361
5361
5362
5364
5365
5365
5367
5367
5369
5371
5372
5372
5373
5374
5374
5374
5375
5375
5378
5379
5380
5380
5381
5383
5384
5385
5386
5387
5389
5389
5390
5391
5396
5396
5399
5400
5401
5401
5402
5402
5403
5405
5406
5407
5407
5407
5409
5411
5416
5420
5424
5425
5426
5426
5426
5427
5428
5428
5430
5430
5431
5432
5432
5432
5433
5434
5434
5434
5438
5438
5438
5439
5440
5440
5440
5442
5442
5442
5444
5446
5448
5448
5449
5451
5453
5453
5454
5455
5457
5457
5457
5460
5464
5466
5467
5468
5469
5470
5472
5472
5473
5473
5473
5477
5480
5481
5481
5482
5482
5482
5484
5487
5488
5489
5492
5492
5493
5494
5494
5500
5500
5504
5505
5505
5505
5507
5510
5511
5511
5512
5512
5513
5514
5516
5516
5517
5517
5520
5521
5522
5522
5522
5523
5524
5525
5525
5525
5526
5529
5530
5531
5531
5535
5536
5537
5537
5538
5539
5541
5544
5544
5545
5545
5546
5548
5551
5552
5552
5552
5552
5552
5553
5553
5555
5556
5559
5559
5560
5560
5561
5562
5563
5563
5564
5564
5566
5566
5568
5568
5569
5570
5572
5575
5576
5576
5576
5577
5580
5583
5585
5585
5586
5586
5587
5587
5588
5588
5590
5590
5591
5591
5592
5592
5592
5593
5596
5598
5599
5601
5603
5605
5606
5608
5609
5609
5610
5611
5612
5613
5614
5614
5619
5621
5621
5624
5625
5625
5631
5632
5634
5634
5634
5635
5635
5636
5637
5638
5638
5639
5640
5641
5642
5644
5644
5645
5646
5648
5649
5651
5652
5654
5654
5655
5656
5656
5657
5657
5658
5659
5660
5660
5663
5663
5664
5665
5667
5668
5668
5669
5670
5671
5671
5671
5672
5672
5673
5674
5675
5676
5676
5681
5681
5682
5683
5684
5684
5684
5686
5686
5687
5690
5690
5693
5694
5695
5695
5695
5698
5698
5699
5700
5701
5701
5701
5702
5702
5703
5704
5705
5706
5708
5708
5709
5709
5709
5710
5711
5711
5712
5713
5716
5720
5725
5726
5726
5727
5727
5729
5730
5731
5733
5733
5733
5733
5733
5734
5735
5738
5740
5740
5742
5744
5745
5745
5745
5747
5747
5748
5751
5752
5752
5754
5754
5754
5757
5757
5761
5762
5762
5763
5764
5765
5765
5766
5768
5768
5769
5771
5771
5773
5773
5776
5777
5779
5779
5780
5783
5785
5785
5785
5787
5787
5788
5789
5790
5791
5792
5795
5795
5795
5798
5799
5800
5801
5802
5803
5803
5803
5804
5804
5804
5805
5807
5808
5809
5810
5811
5812
5814
5814
5817
5818
5819
5819
5820
5820
5821
5823
5826
5826
5828
5828
5829
5830
5832
5832
5834
5837
5837
5837
5838
5840
5841
5842
5843
5844
5844
5845
5845
5845
5846
5846
5847
5848
5848
5849
5849
5851
5852
5854
5856
5857
5858
5862
5863
5864
5866
5866
5867
5867
5867
5868
5872
5873
5873
5874
5874
5874
5876
5876
5877
5879
5879
5881
5881
5883
5884
5885
5887
5887
5888
5891
5891
5893
5894
5894
5897
5898
5898
5900
5902
5903
5905
5905
5908
5908
5909
5911
5913
5913
5914
5915
5917
5918
5918
5918
5918
5918
5920
5921
5923
5923
5923
5925
5925
5925
5925
5926
5926
5926
5926
5927
5928
5928
5928
5929
5929
5930
5932
5932
5932
5934
5934
5935
5935
5936
5939
5940
5942
5943
5943
5944
5944
5950
5950
5951
5952
5952
5953
5953
5956
5956
5957
5957
5959
5960
5963
5964
5964
5965
5968
5971
5971
5972
5974
5981
5982
5983
5987
5988
5989
5989
5990
5990
5990
5992
5999
5999
5999
6000
6002
6004
6006
6006
6007
6007
6008
6009
6011
6011
6013
6014
6014
6015
6015
6015
6020
6020
6023
6028
6028
6030
6032
6032
6033
6034
6037
6038
6039
6040
6040
6041
6042
6042
6043
6043
6043
6043
6044
6047
6050
6051
6052
6056
6056
6061
6062
6063
6064
6065
6065
6068
6071
6071
6074
6076
6076
6077
6077
6077
6077
6079
6079
6080
6082
6083
6083
6083
6083
6084
6084
6086
6086
6087
6087
6087
6088
6088
6088
6089
6090
6090
6090
6091
6094
6094
6094
6096
6096
6096
6097
6097
6099
6099
6100
6102
6106
6106
6107
6108
6108
6110
6110
6111
6112
6112
6113
6114
6114
6114
6115
6117
6118
6119
6123
6124
6124
6127
6128
6129
6130
6130
6131
6131
6132
6133
6133
6136
6136
6136
6137
6138
6138
6139
6141
6143
6143
6144
6145
6145
6146
6146
6147
6149
6152
6152
6153
6154
6155
6155
6155
6156
6158
6159
6161
6162
6163
6163
6163
6164
6167
6167
6168
6171
6172
6175
6175
6176
6177
6180
6182
6185
6185
6186
6187
6187
6187
6188
6189
6190
6192
6193
6194
6194
6196
6196
6196
6198
6200
6201
6202
6204
6205
6206
6208
6208
6208
6210
6214
6216
6216
6217
6217
6218
6219
6220
6221
6222
6223
6223
6223
6224
6227
6228
6228
6230
6231
6232
6233
6235
6235
6235
6235
6236
6238
6239
6239
6240
6240
6242
6243
6245
6245
6245
6246
6246
6246
6248
6251
6251
6252
6252
6252
6255
6258
6258
6258
6258
6258
6258
6258
6258
6259
6259
6260
6260
6265
6266
6266
6267
6268
6269
6270
6271
6272
6273
6273
6273
6274
6275
6275
6276
6276
6277
6278
6280
6282
6282
6283
6284
6284
6290
6291
6291
6292
6292
6293
6295
6296
6296
6296
6297
6297
6300
6301
6301
6304
6304
6307
6308
6308
6310
6311
6312
6313
6314
6316
6316
6317
6317
6317
6317
6317
6317
6317
6318
6320
6320
6322
6322
6323
6324
6325
6325
6327
6328
6330
6334
6334
6338
6338
6340
6343
6344
6346
6346
6347
6347
6348
6350
6351
6351
6351
6351
6353
6354
6356
6356
6357
6358
6359
6359
6359
6362
6363
6363
6363
6364
6365
6365
6367
6367
6369
6369
6370
6371
6372
6374
6374
6375
6376
6377
6377
6378
6378
6379
6381
6381
6382
6383
6385
6385
6387
6387
6388
6391
6392
6393
6393
6395
6395
6397
6397
6398
6398
6398
6400
6400
6401
6402
6402
6403
6404
6408
6408
6410
6411
6412
6413
6413
6414
6414
6415
6415
6418
6418
6418
6419
6420
6420
6420
6421
6422
6427
6430
6431
6432
6432
6433
6433
6434
6434
6434
6436
6436
6437
6438
6439
6441
6441
6444
6446
6449
6449
6451
6451
6453
6453
6454
6454
6454
6454
6455
6457
6459
6462
6462
6463
6463
6463
6466
6467
6467
6469
6471
6471
6472
6473
6473
6475
6476
6478
6479
6479
6479
6485
6486
6486
6486
6487
6489
6489
6489
6490
6490
6491
6492
6493
6494
6494
6495
6496
6497
6498
6499
6499
6500
6501
6501
6502
6503
6505
6507
6509
6510
6511
6511
6512
6512
6514
6514
6514
6516
6517
6517
6518
6519
6520
6521
6521
6523
6523
6524
6526
6528
6531
6531
6532
6532
6533
6534
6534
6535
6535
6535
6536
6538
6539
6540
6540
6540
6541
6542
6544
6546
6546
6547
6548
6548
6549
6549
6550
6552
6554
6554
6554
6554
6557
6557
6559
6565
6567
6569
6570
6571
6571
6572
6573
6573
6574
6577
6577
6578
6579
6579
6580
6580
6581
6582
6583
6583
6584
6585
6586
6586
6587
6587
6588
6588
6589
6589
6590
6590
6590
6591
6591
6592
6592
6593
6593
6594
6595
6597
6597
6598
6601
6604
6605
6606
6607
6608
6608
6608
6608
6609
6610
6610
6611
6612
6613
6616
6617
6619
6620
6620
6620
6622
6624
6624
6624
6626
6627
6629
6629
6631
6632
6632
6633
6635
6637
6638
6638
6639
6643
6645
6645
6645
6646
6646
6647
6648
6650
6651
6651
6651
6651
6652
6652
6653
6653
6654
6655
6657
6659
6663
6665
6666
6673
6673
6675
6675
6676
6677
6678
6678
6678
6681
6682
6683
6683
6685
6687
6687
6689
6689
6690
6691
6695
6695
6695
6697
6697
6697
6697
6699
6702
6702
6703
6707
6708
6709
6710
6710
6711
6711
6712
6716
6716
6716
6719
6719
6719
6720
6722
6723
6723
6724
6724
6725
6726
6727
6728
6728
6731
6731
6731
6732
6733
6734
6734
6736
6738
6740
6741
6741
6742
6743
6744
6744
6744
6746
6746
6747
6748
6749
6749
6750
6753
6753
6754
6756
6756
6757
6759
6759
6759
6761
6762
6762
6764
6765
6765
6766
6767
6768
6770
6770
6771
6771
6772
6774
6775
6776
6777
6777
6778
6779
6780
6781
6781
6781
6782
6783
6784
6784
6785
6785
6786
6787
6787
6790
6790
6790
6791
6791
6792
6793
6793
6795
6796
6797
6799
6799
6800
6801
6801
6802
6802
6802
6804
6804
6804
6805
6805
6805
6806
6807
6808
6808
6810
6812
6812
6814
6816
6818
6818
6819
6819
6819
6823
6824
6825
6825
6826
6826
6827
6829
6830
6830
6831
6831
6833
6833
6835
6835
6838
6839
6840
6841
6842
6842
6845
6847
6848
6852
6854
6856
6856
6857
6857
6858
6863
6863
6864
6864
6864
6865
6866
6866
6866
6872
6872
6873
6873
6874
6874
6875
6877
6878
6878
6878
6878
6879
6882
6884
6884
6885
6885
6886
6887
6888
6890
6890
6890
6892
6892
6892
6893
6894
6895
6896
6898
6898
6899
6900
6901
6902
6903
6904
6905
6907
6909
6909
6910
6911
6913
6914
6914
6914
6915
6915
6919
6920
6920
6923
6923
6924
6925
6926
6928
6928
6929
6930
6932
6934
6934
6939
6939
6939
6940
6941
6943
6945
6945
6946
6946
6948
6948
6949
6950
6950
6951
6952
6952
6953
6953
6953
6953
6954
6956
6956
6956
6956
6958
6958
6959
6959
6959
6960
6961
6963
6963
6965
6966
6968
6969
6969
6970
6970
6972
6974
6974
6975
6976
6977
6977
6977
6977
6977
6982
6984
6984
6985
6985
6987
6988
6988
6988
6989
6990
6991
6992
6993
6995
6996
6997
7000
7005
7005
7005
7006
7007
7008
7009
7010
7011
7012
7012
7013
7015
7015
7016
7016
7016
7017
7019
7020
7020
7020
7020
7022
7023
7023
7024
7024
7025
7026
7029
7031
7032
7032
7033
7034
7034
7034
7038
7039
7039
7041
7043
7043
7044
7046
7046
7046
7046
7049
7049
7049
7050
7050
7054
7056
7059
7059
7059
7059
7059
7059
7060
7060
7061
7061
7062
7068
7069
7072
7072
7073
7074
7074
7075
7075
7076
7076
7076
7078
7078
7078
7078
7079
7084
7085
7085
7086
7086
7087
7087
7088
7089
7090
7090
7092
7094
7095
7096
7096
7097
7097
7098
7098
7099
7099
7100
7101
7102
7103
7104
7105
7106
7107
7112
7113
7114
7116
7117
7118
7119
7120
7121
7123
7125
7127
7128
7129
7130
7133
7133
7136
7137
7138
7139
7140
7141
7142
7143
7143
7146
7146
7148
7149
7149
7149
7150
7150
7150
7151
7151
7152
7153
7154
7156
7156
7157
7160
7160
7160
7162
7162
7163
7164
7165
7165
7165
7169
7170
7170
7170
7171
7172
7172
7174
7175
7175
7176
7176
7178
7179
7181
7182
7183
7183
7183
7184
7184
7185
7186
7187
7189
7190
7192
7192
7193
7193
7197
7199
7199
7199
7200
7200
7201
7201
7202
7203
7206
7207
7208
7208
7208
7208
7208
7208
7209
7209
7209
7210
7211
7211
7213
7213
7215
7216
7217
7218
7218
7219
7220
7220
7223
7223
7224
7224
7225
7225
7226
7226
7226
7226
7227
7228
7229
7230
7231
7235
7236
7236
7238
7239
7241
7241
7241
7243
7244
7245
7248
7249
7250
7250
7251
7251
7251
7251
7252
7254
7254
7254
7256
7258
7258
7258
7259
7261
7262
7262
7263
7266
7268
7269
7270
7271
7271
7274
7274
7275
7276
7277
7280
7281
7283
7283
7285
7287
7290
7292
7294
7295
7297
7298
7298
7299
7301
7301
7303
7303
7304
7306
7307
7307
7309
7310
7310
7311
7313
7313
7315
7317
7317
7319
7319
7320
7321
7321
7321
7322
7322
7323
7325
7326
7328
7329
7329
7330
7330
7331
7331
7332
7332
7333
7335
7335
7336
7337
7338
7339
7341
7341
7343
7343
7344
7344
7347
7348
7349
7352
7352
7353
7355
7357
7357
7357
7357
7358
7358
7358
7358
7359
7361
7361
7363
7363
7364
7364
7364
7364
7365
7365
7366
7367
7367
7371
7372
7377
7377
7378
7380
7382
7383
7383
7384
7384
7387
7388
7388
7388
7390
7390
7395
7395
7396
7399
7399
7400
7402
7402
7403
7405
7406
7407
7407
7409
7410
7412
7412
7413
7413
7415
7418
7419
7419
7420
7421
7422
7422
7422
7424
7425
7428
7430
7430
7431
7432
7432
7433
7436
7436
7437
7437
7439
7439
7440
7442
7442
7444
7445
7445
7446
7447
7447
7447
7448
7448
7448
7449
7450
7452
7454
7455
7455
7455
7455
7457
7457
7458
7458
7458
7460
7461
7461
7462
7463
7464
7464
7465
7469
7471
7471
7471
7475
7476
7477
7478
7479
7479
7481
7482
7482
7483
7484
7485
7488
7488
7491
7493
7493
7496
7496
7496
7497
7498
7499
7499
7500
7501
7501
7502
7502
7502
7505
7507
7508
7509
7509
7510
7510
7512
7512
7514
7515
7518
7519
7522
7527
7528
7529
7531
7531
7532
7532
7534
7534
7535
7536
7538
7540
7541
7542
7544
7544
7545
7545
7546
7550
7550
7550
7555
7557
7558
7559
7559
7561
7561
7562
7562
7562
7563
7564
7564
7566
7567
7568
7570
7571
7571
7573
7574
7575
7575
7575
7576
7576
7578
7585
7586
7586
7586
7590
7591
7592
7593
7594
7595
7598
7598
7598
7600
7601
7602
7602
7603
7603
7606
7607
7608
7609
7611
7611
7612
7612
7614
7615
7616
7618
7618
7618
7619
7622
7623
7625
7628
7629
7629
7630
7632
7634
7638
7638
7638
7639
7640
7640
7642
7643
7644
7645
7646
7646
7647
7648
7649
7649
7650
7650
7651
7652
7652
7652
7652
7654
7655
7657
7657
7658
7659
7659
7660
7661
7662
7665
7665
7666
7667
7668
7669
7669
7670
7670
7670
7671
7672
7673
7674
7676
7677
7680
7682
7682
7682
7682
7685
7686
7687
7687
7687
7689
7691
7693
7693
7694
7694
7695
7695
7696
7697
7697
7697
7698
7701
7701
7702
7703
7704
7705
7709
7710
7711
7714
7715
7715
7719
7722
7722
7724
7724
7725
7730
7730
7730
7730
7731
7732
7733
7734
7735
7735
7736
7737
7737
7739
7747
7749
7749
7749
7751
7752
7752
7756
7759
7759
7759
7761
7762
7763
7765
7766
7767
7769
7769
7769
7770
7773
7774
7774
7776
7777
7777
7778
7779
7779
7779
7779
7780
7781
7781
7783
7783
7784
7784
7784
7784
7785
7787
7788
7789
7789
7790
7791
7791
7792
7792
7792
7792
7794
7795
7795
7802
7802
7802
7804
7805
7805
7806
7806
7806
7807
7807
7808
7809
7809
7809
7809
7811
7812
7813
7815
7815
7818
7819
7821
7822
7823
7823
7824
7824
7827
7827
7828
7829
7832
7832
7834
7837
7837
7837
7838
7838
7842
7847
7847
7847
7848
7848
7850
7850
7851
7852
7855
7855
7856
7857
7858
7860
7860
7861
7862
7868
7869
7870
7870
7870
7871
7871
7872
7872
7874
7878
7878
7879
7879
7879
7880
7880
7881
7881
7881
7882
7883
7883
7883
7884
7884
7885
7886
7887
7888
7888
7891
7891
7891
7892
7894
7896
7897
7897
7898
7899
7899
7900
7901
7902
7902
7905
7906
7906
7907
7908
7908
7909
7911
7911
7912
7914
7914
7916
7916
7916
7916
7917
7920
7922
7922
7923
7924
7924
7927
7927
7931
7932
7934
7934
7938
7938
7939
7945
7945
7947
7947
7948
7948
7949
7950
7950
7953
7953
7953
7954
7955
7956
7960
7960
7960
7961
7961
7962
7963
7963
7964
7966
7967
7967
7967
7967
7969
7970
7971
7973
7973
7976
7976
7976
7978
7978
7979
7979
7979
7981
7981
7982
7982
7982
7983
7984
7986
7988
7988
7990
7990
7992
7992
7993
7993
7993
7994
7995
7996
7997
7999
8003
8003
8004
8007
8008
8010
8011
8012
8013
8015
8016
8017
8017
8017
8017
8019
8020
8021
8021
8022
8028
8028
8028
8028
8030
8031
8031
8031
8032
8032
8033
8033
8034
8035
8035
8036
8036
8036
8037
8038
8038
8038
8038
8038
8042
8043
8045
8046
8047
8047
8050
8050
8051
8051
8052
8052
8052
8053
8054
8055
8055
8055
8057
8059
8059
8059
8061
8061
8061
8063
8064
8064
8065
8065
8066
8067
8072
8074
8075
8077
8078
8078
8078
8079
8079
8080
8081
8082
8083
8084
8084
8084
8084
8086
8086
8087
8087
8088
8088
8088
8090
8090
8091
8091
8091
8092
8098
8099
8099
8100
8100
8102
8104
8107
8107
8110
8110
8112
8113
8114
8114
8115
8117
8117
8123
8123
8123
8124
8127
8132
8132
8133
8133
8134
8136
8141
8142
8142
8142
8142
8143
8144
8144
8146
8146
8147
8148
8148
8149
8149
8149
8151
8154
8155
8158
8159
8160
8164
8165
8166
8167
8168
8168
8169
8171
8173
8173
8174
8175
8175
8175
8176
8177
8178
8181
8182
8182
8182
8184
8192
8193
8193
8193
8193
8193
8197
8198
8198
8198
8201
8201
8202
8204
8205
8207
8208
8209
8209
8211
8211
8212
8214
8214
8214
8215
8215
8215
8215
8216
8216
8217
8218
8218
8219
8222
8227
8227
8230
8230
8231
8231
8231
8235
8235
8235
8236
8237
8238
8239
8239
8240
8241
8244
8244
8245
8246
8248
8249
8251
8252
8252
8255
8255
8256
8257
8258
8259
8259
8260
8261
8262
8262
8263
8263
8265
8268
8268
8269
8269
8269
8270
8270
8271
8272
8272
8274
8274
8275
8277
8278
8279
8279
8280
8285
8285
8286
8287
8287
8287
8287
8288
8291
8292
8292
8296
8296
8299
8299
8300
8301
8302
8304
8305
8306
8307
8307
8307
8310
8310
8311
8312
8315
8318
8320
8320
8320
8321
8321
8321
8322
8323
8323
8323
8326
8326
8327
8327
8327
8329
8331
8333
8335
8335
8335
8336
8337
8339
8339
8340
8341
8341
8342
8343
8346
8346
8347
8348
8349
8349
8349
8350
8351
8352
8354
8355
8356
8356
8357
8358
8360
8360
8361
8361
8362
8362
8362
8365
8365
8366
8366
8367
8368
8370
8371
8372
8374
8375
8376
8378
8380
8380
8383
8384
8385
8386
8387
8389
8389
8389
8393
8393
8395
8399
8399
8399
8400
8401
8401
8401
8401
8402
8403
8403
8404
8404
8404
8405
8409
8413
8415
8417
8418
8419
8419
8422
8424
8425
8426
8426
8427
8427
8427
8428
8429
8429
8430
8432
8432
8433
8434
8434
8434
8435
8437
8438
8442
8442
8444
8445
8446
8446
8447
8449
8450
8450
8450
8452
8452
8453
8453
8454
8456
8456
8457
8457
8457
8457
8458
8458
8458
8459
8460
8462
8462
8462
8463
8464
8467
8468
8469
8469
8475
8475
8475
8479
8480
8482
8482
8483
8483
8484
8484
8486
8486
8487
8491
8491
8491
8491
8491
8494
8494
8496
8496
8496
8498
8498
8500
8501
8502
8502
8503
8505
8506
8507
8507
8508
8509
8510
8510
8510
8512
8513
8513
8513
8515
8517
8518
8518
8518
8519
8520
8521
8521
8522
8522
8525
8528
8528
8529
8529
8530
8530
8530
8531
8534
8535
8536
8537
8537
8538
8538
8543
8543
8544
8544
8545
8546
8546
8547
8549
8550
8550
8551
8551
8552
8552
8553
8554
8554
8554
8555
8557
8557
8558
8558
8559
8559
8560
8560
8561
8561
8562
8562
8563
8564
8565
8565
8566
8566
8567
8567
8567
8568
8568
8568
8569
8569
8569
8570
8571
8575
8576
8576
8578
8578
8579
8580
8580
8581
8581
8582
8586
8587
8587
8589
8590
8590
8591
8593
8594
8594
8597
8597
8597
8598
8598
8599
8600
8601
8603
8603
8604
8610
8611
8611
8614
8615
8616
8616
8617
8618
8618
8618
8620
8620
8620
8621
8622
8622
8624
8624
8625
8625
8626
8627
8629
8630
8631
8631
8633
8635
8635
8636
8638
8638
8640
8641
8644
8644
8646
8647
8647
8648
8648
8649
8651
8652
8653
8654
8655
8656
8656
8657
8659
8659
8664
8666
8668
8668
8669
8670
8673
8674
8675
8676
8676
8676
8676
8678
8680
8684
8685
8686
8686
8686
8688
8688
8688
8688
8688
8688
8693
8693
8699
8699
8700
8700
8701
8702
8705
8705
8706
8707
8708
8708
8709
8710
8712
8717
8717
8717
8717
8718
8718
8719
8720
8721
8722
8723
8725
8725
8727
8728
8728
8729
8730
8731
8732
8734
8734
8736
8738
8739
8740
8740
8741
8742
8742
8742
8743
8743
8743
8743
8743
8744
8745
8745
8749
8750
8751
8751
8754
8756
8756
8758
8759
8759
8760
8761
8761
8764
8764
8767
8767
8768
8769
8771
8774
8774
8774
8774
8775
8776
8776
8778
8781
8782
8782
8782
8784
8785
8785
8785
8785
8786
8787
8788
8789
8790
8791
8793
8798
8798
8801
8802
8805
8805
8807
8808
8808
8809
8809
8809
8810
8813
8814
8814
8815
8816
8816
8817
8817
8817
8822
8823
8823
8823
8824
8824
8825
8826
8827
8829
8829
8830
8833
8835
8835
8835
8838
8839
8841
8843
8844
8845
8845
8847
8848
8853
8854
8854
8855
8856
8856
8857
8859
8859
8860
8860
8861
8862
8864
8864
8865
8866
8868
8868
8868
8869
8870
8872
8872
8872
8873
8874
8875
8876
8876
8876
8877
8877
8877
8878
8880
8882
8885
8886
8886
8887
8887
8887
8888
8888
8889
8889
8890
8891
8893
8894
8895
8898
8898
8899
8899
8900
8902
8902
8902
8903
8903
8903
8904
8906
8906
8912
8913
8914
8915
8915
8916
8916
8917
8917
8917
8918
8920
8920
8921
8922
8922
8924
8924
8925
8925
8926
8927
8928
8929
8931
8932
8933
8933
8933
8934
8934
8936
8941
8942
8942
8944
8944
8945
8946
8946
8946
8946
8947
8951
8952
8952
8953
8953
8955
8955
8956
8957
8957
8959
8959
8960
8960
8961
8962
8962
8963
8966
8967
8967
8967
8970
8971
8971
8971
8972
8976
8976
8978
8979
8980
8981
8984
8986
8986
8988
8989
8989
8990
8993
8994
8995
8995
8996
8997
8997
8997
8998
8999
8999
8999
9003
9003
9004
9007
9008
9011
9011
9011
9013
9014
9015
9016
9016
9017
9017
9018
9021
9021
9023
9023
9024
9025
9026
9026
9026
9028
9030
9033
9034
9035
9035
9036
9036
9036
9038
9041
9041
9043
9043
9045
9045
9046
9046
9046
9046
9047
9047
9050
9050
9051
9052
9053
9053
9054
9055
9055
9057
9057
9058
9058
9058
9059
9062
9063
9064
9065
9066
9067
9069
9069
9070
9073
9074
9078
9080
9080
9083
9083
9084
9087
9087
9087
9088
9089
9090
9091
9091
9091
9093
9094
9094
9095
9095
9097
9097
9097
9097
9098
9098
9099
9100
9101
9102
9104
9105
9107
9109
9109
9110
9110
9111
9112
9112
9113
9115
9116
9117
9119
9119
9119
9119
9119
9120
9121
9122
9122
9123
9123
9123
9125
9125
9126
9130
9131
9132
9134
9141
9144
9146
9146
9148
9148
9148
9149
9149
9150
9152
9153
9153
9154
9155
9157
9158
9159
9166
9168
9168
9169
9170
9173
9174
9174
9174
9175
9175
9176
9176
9176
9178
9179
9179
9179
9179
9180
9182
9183
9184
9186
9186
9186
9186
9187
9187
9188
9188
9189
9192
9193
9195
9197
9197
9197
9198
9198
9199
9202
9204
9204
9205
9206
9208
9208
9209
9209
9212
9212
9213
9216
9217
9218
9219
9219
9219
9220
9221
9221
9221
9222
9222
9223
9224
9226
9226
9226
9226
9226
9227
9227
9228
9228
9228
9228
9228
9229
9229
9230
9230
9232
9233
9236
9236
9237
9237
9238
9239
9239
9239
9240
9240
9242
9243
9244
9245
9245
9246
9246
9248
9249
9249
9250
9250
9250
9252
9253
9254
9256
9258
9259
9262
9262
9266
9268
9268
9268
9268
9270
9270
9271
9273
9275
9276
9276
9278
9280
9280
9281
9284
9286
9288
9288
9288
9289
9289
9292
9292
9293
9294
9295
9295
9296
9297
9297
9298
9300
9302
9303
9303
9304
9306
9308
9311
9312
9312
9312
9313
9314
9315
9315
9316
9318
9320
9321
9321
9322
9323
9324
9324
9326
9326
9327
9327
9328
9328
9329
9331
9331
9331
9331
9332
9332
9334
9336
9337
9337
9338
9339
9342
9343
9344
9344
9344
9345
9347
9349
9352
9353
9353
9354
9355
9355
9356
9356
9356
9357
9357
9358
9359
9361
9362
9362
9366
9367
9367
9369
9369
9370
9371
9372
9372
9373
9373
9374
9377
9377
9378
9380
9383
9383
9383
9384
9385
9386
9387
9389
9389
9391
9394
9394
9394
9395
9398
9399
9400
9400
9400
9402
9403
9403
9404
9404
9405
9405
9405
9408
9409
9410
9411
9412
9412
9413
9413
9413
9414
9414
9414
9417
9420
9421
9421
9422
9422
9423
9424
9424
9425
9425
9426
9426
9426
9427
9428
9428
9430
9430
9431
9432
9434
9435
9435
9436
9437
9437
9438
9439
9439
9440
9441
9441
9442
9442
9444
9445
9445
9445
9446
9446
9448
9449
9451
9451
9452
9455
9455
9456
9456
9457
9457
9459
9459
9460
9464
9466
9467
9469
9470
9472
9475
9475
9476
9477
9478
9478
9478
9479
9480
9481
9483
9483
9484
9485
9485
9485
9486
9489
9491
9491
9491
9492
9494
9494
9496
9498
9499
9499
9500
9501
9501
9501
9502
9503
9504
9504
9504
9505
9505
9506
9507
9507
9509
9509
9509
9513
9514
9516
9516
9516
9517
9520
9522
9524
9527
9527
9528
9528
9529
9531
9532
9538
9538
9538
9541
9542
9543
9544
9544
9544
9544
9545
9548
9549
9549
9551
9552
9552
9554
9554
9556
9556
9556
9559
9561
9561
9562
9562
9564
9564
9565
9565
9565
9565
9567
9569
9570
9572
9573
9573
9574
9575
9576
9578
9580
9580
9581
9582
9584
9585
9585
9586
9586
9588
9588
9588
9588
9593
9594
9595
9595
9596
9596
9596
9597
9597
9598
9602
9602
9602
9604
9606
9606
9606
9607
9609
9609
9609
9610
9611
9611
9612
9613
9613
9616
9617
9619
9619
9620
9621
9623
9623
9624
9624
9625
9625
9626
9626
9626
9626
9628
9628
9628
9629
9629
9631
9632
9632
9632
9635
9639
9639
9640
9640
9641
9642
9643
9644
9645
9646
9647
9648
9649
9649
9650
9653
9653
9654
9654
9656
9657
9658
9660
9660
9660
9660
9660
9660
9662
9663
9663
9664
9665
9667
9668
9669
9671
9672
9672
9672
9675
9675
9676
9676
9677
9678
9678
9679
9681
9682
9683
9684
9685
9686
9687
9689
9690
9691
9692
9693
9694
9695
9698
9699
9701
9701
9702
9703
9703
9704
9704
9704
9705
9706
9708
9708
9708
9709
9710
9710
9710
9711
9713
9716
9717
9717
9718
9718
9719
9719
9721
9722
9723
9724
9726
9727
9729
9730
9730
9731
9731
9733
9733
9734
9734
9735
9736
9736
9737
9737
9740
9742
9744
9745
9746
9747
9747
9747
9748
9748
9749
9749
9750
9751
9752
9753
9753
9754
9756
9757
9758
9758
9760
9761
9763
9765
9766
9766
9766
9768
9770
9772
9773
9773
9774
9777
9778
9781
9781
9782
9782
9784
9785
9787
9790
9791
9791
9792
9792
9793
9794
9795
9796
9796
9797
9797
9798
9800
9800
9801
9801
9802
9802
9802
9803
9803
9805
9805
9806
9807
9809
9809
9809
9809
9814
9815
9816
9817
9818
9818
9819
9821
9821
9821
9822
9822
9823
9823
9823
9825
9825
9826
9826
9826
9829
9831
9832
9833
9834
9836
9837
9837
9837
9840
9841
9842
9844
9844
9846
9847
9850
9851
9852
9852
9853
9854
9855
9859
9861
9862
9863
9863
9864
9865
9866
9867
9869
9869
9869
9869
9870
9870
9871
9872
9872
9873
9874
9874
9877
9881
9883
9884
9885
9886
9887
9888
9888
9889
9889
9890
9891
9893
9893
9894
9895
9896
9896
9896
9897
9898
9899
9899
9900
9900
9901
9902
9902
9903
9903
9903
9903
9903
9906
9908
9909
9910
9911
9911
9912
9913
9917
9918
9920
9920
9920
9923
9927
9927
9928
9929
9929
9930
9931
9934
9935
9936
9937
9937
9939
9940
9940
9940
9941
9941
9942
9944
9944
9945
9945
9945
9946
9946
9949
9950
9951
9951
9953
9954
9955
9956
9956
9957
9958
9959
9960
9960
9966
9969
9970
9970
9970
9976
9979
9981
9982
9982
9982
9983
9984
9984
9985
9988
9989
9990
9991
9991
9992
9992
9993
9995
9996
9998
10000
